[ColorEffects:Disabled]
Color=48,43,30
ColorAmount=-0.1
ColorEffect=1
ContrastAmount=0.30000000000000004
ContrastEffect=1
IntensityAmount=0.30000000000000004
IntensityEffect=0

[ColorEffects:Inactive]
ChangeSelectionColor=false
Color=227,170,0
ColorAmount=0
ColorEffect=1
ContrastAmount=0.75
ContrastEffect=0
Enable=false
IntensityAmount=0
IntensityEffect=0

[Colors:Button]
BackgroundAlternate=119,123,125
BackgroundNormal=95,98,100
DecorationFocus=148,153,175
DecorationHover=148,153,175
ForegroundActive=51,51,55
ForegroundInactive=240,236,223
ForegroundLink=188,223,255
ForegroundNegative=255,0,0
ForegroundNeutral=50,50,50
ForegroundNormal=240,236,223
ForegroundPositive=37,69,53
ForegroundVisited=159,190,215

[Colors:Selection]
BackgroundAlternate=148,152,155
BackgroundNormal=141,147,175
DecorationFocus=148,153,175
DecorationHover=148,153,175
ForegroundActive=51,51,55
ForegroundInactive=141,147,175
ForegroundLink=188,223,255
ForegroundNegative=255,0,0
ForegroundNeutral=128,128,128
ForegroundNormal=240,236,223
ForegroundPositive=95,173,134
ForegroundVisited=159,190,215

[Colors:Tooltip]
BackgroundAlternate=0,6,40
BackgroundNormal=0,5,35
DecorationFocus=148,153,175
DecorationHover=148,153,175
ForegroundActive=51,51,55
ForegroundInactive=240,236,223
ForegroundLink=188,223,255
ForegroundNegative=255,0,0
ForegroundNeutral=88,88,88
ForegroundNormal=240,235,223
ForegroundPositive=95,173,134
ForegroundVisited=159,190,215

[Colors:View]
BackgroundAlternate=65,65,70
BackgroundNormal=65,65,70
DecorationFocus=148,153,175
DecorationHover=148,153,175
ForegroundActive=51,51,55
ForegroundInactive=240,236,223
ForegroundLink=188,223,255
ForegroundNegative=255,0,0
ForegroundNeutral=128,128,128
ForegroundNormal=240,236,223
ForegroundPositive=95,173,134
ForegroundVisited=159,190,215

[Colors:Window]
BackgroundAlternate=100,103,105
BackgroundNormal=85,88,90
DecorationFocus=148,153,175
DecorationHover=148,153,175
ForegroundActive=51,51,55
ForegroundInactive=240,236,223
ForegroundLink=188,223,255
ForegroundNegative=255,0,0
ForegroundNeutral=128,128,128
ForegroundNormal=240,236,223
ForegroundPositive=95,173,134
ForegroundVisited=159,190,215

[General]
ColorScheme=Industrial
Name=Industrial
shadeSortColumn=true

[KDE]
contrast=5

[WM]
activeBackground=94,98,100
activeBlend=255,255,255
activeForeground=240,235,223
inactiveBackground=94,98,100
inactiveBlend=75,71,67
inactiveForeground=150,147,140
